2.000000 1491173069
3.000000 1491173071
4.000000 1491173071
5.000000 1491173073
6.000000 1491173073
7.000000 1491173073
8.000000 1491173073
9.000000 1491173075
10.000000 1491173075
11.000000 1491173075
12.000000 1491173075
13.000000 1491173075
14.000000 1491173075
15.000000 1491173075
16.000000 1491173075
16.062500 1491173077
16.124757 1491173077
16.186773 1491173077
16.248552 1491173077
16.310096 1491173077
16.371408 1491173077
16.432490 1491173077
16.493345 1491173077
16.553975 1491173077
16.614384 1491173077
16.674573 1491173077
16.734544 1491173077
16.794301 1491173077
16.853845 1491173077
16.913179 1491173077
16.972304 1491173077
17.031224 1491173079
17.089939 1491173079
17.148453 1491173079
17.206767 1491173039
17.264884 1491173039
17.322805 1491173039
17.380533 1491173039
17.438068 1491173039
17.495414 1491173039
17.552572 1491173039
17.609544 1491173039
17.666331 1491173039
17.722936 1491173039
17.779360 1491173039
17.835605 1491173039
17.891672 1491173039
17.947564 1491173039
